      DATE R107   SESC   SSAREA NEW_RG STANFRD XR_BKG  XC XM XX XS O1 O2 O3
---------- ---- ------ -------- ------ ------- ------ --- -- -- -- -- -- --
2013 01 01  118     99      480      0    -999   B3.1   1  0  0  2  0  0  0
2013 01 02  119     90      610      2    -999   B2.5   0  0  0  0  0  0  0
2013 01 03  129    116      640      2    -999   B3.5   1  0  0  0  0  0  0
2013 01 04  143    167      830      5    -999   B6.3   4  0  0  1  0  0  0
2013 01 05  145    181     1030      2    -999   B7.9   7  1  0  3  0  0  0
2013 01 06  142    186     1140      0    -999   B5.8   5  0  0  0  0  0  0
2013 01 07  150    196     1390      0    -999   B6.6   8  0  0  1  0  0  0
2013 01 08  156    144      940      1    -999   B7.6   9  0  0  0  0  0  0
2013 01 09  169    153      860      1    -999   C1.0   4  0  0  0  0  0  0
2013 01 10  174    145     1300      0    -999   B9.5  10  0  0  2  0  0  0
2013 01 11  172    166     1650      2    -999   B9.0  11  2  0  2  1  0  0
2013 01 12  169    156     1460      0    -999   B7.4  10  0  0  7  0  0  0
2013 01 13  156    126     1410      1    -999   B8.3  10  2  0  7  0  0  0
2013 01 14  154    128     1260      0    -999   B5.0   6  0  0  3  0  0  0
2013 01 15  140    120     1280      0    -999   B4.7   6  0  0  3  0  0  0
2013 01 16  137     91      850      0    -999   B3.9   1  0  0  0  0  0  0
2013 01 17  123     74      650      1    -999   B2.9   0  0  0  0  0  0  0
2013 01 18  115     56      560      0    -999   B2.7   5  0  0  3  0  0  0
2013 01 19  107     46      480      1    -999   B2.4   2  0  0  0  0  0  0
2013 01 20  107     48      410      0    -999   B2.2   1  0  0  0  0  0  0
2013 01 21  108     50      180      0    -999   B2.5   0  0  0  0  0  0  0
2013 01 22  110     53      270      1    -999   B2.6   0  0  0  1  0  0  0
2013 01 23  105     68      340      1    -999   B1.9   0  0  0  0  0  0  0
2013 01 24  103     60      320      0    -999   B1.6   0  0  0  0  0  0  0
2013 01 25  101     44      300      0    -999   B1.5   0  0  0  0  0  0  0
2013 01 26   99     55      190      1    -999   B1.4   0  0  0  0  0  0  0
2013 01 27   98     60      150      1    -999   B1.4   0  0  0  0  0  0  0
2013 01 28   98     52      150      0    -999   B1.4   1  0  0  0  0  0  0
2013 01 29   95     63      430      2    -999   B1.0   0  0  0  0  0  0  0
2013 01 30   97     56      330      0    -999   B1.0   0  0  0  0  0  0  0
2013 01 31  103     47      260      0    -999   B1.4   1  0  0  1  0  0  0
2013 02 01  104     65      260      1    -999   B1.8   0  0  0  3  0  0  0
2013 02 02  112     54      350      0    -999   B2.2   2  0  0  1  0  0  0
2013 02 03  111     79      400      1    -999   B2.9   4  0  0  8  0  0  0
2013 02 04  107     30      260      0    -999   B1.9   2  0  0  2  0  0  0
2013 02 05  105     41      210      0    -999   B1.7   1  0  0  1  0  0  0
2013 02 06  104     39      230      0    -999   B1.8   3  0  0  1  1  0  0
2013 02 07  103     58      270      1    -999   B1.4   0  0  0  0  0  0  0
2013 02 08  104     57      280      0    -999   B1.7   0  0  0  1  0  0  0
2013 02 09  108     58      300      0    -999   B1.9   1  0  0  2  0  0  0
2013 02 10  106     45      280      0    -999   B1.6   0  0  0  0  0  0  0
2013 02 11  105     60      370      1    -999   B1.8   0  0  0  1  0  0  0
2013 02 12  102     55      340      0    -999   B1.8   1  0  0  1  0  0  0
2013 02 13  100     26      210      0    -999   B1.6   0  0  0  0  0  0  0
2013 02 14  100     25      200      0    -999   B1.7   1  0  0  0  0  0  0
2013 02 15  100     59      220      2    -999   B2.1   0  0  0  1  0  0  0
2013 02 16  103     75      240      2    -999   B2.0   0  0  0  0  0  0  0
2013 02 17  106     74      250      1    -999   B2.3   3  1  0  7  0  0  0
2013 02 18  105     92      400      1    -999   B1.5   1  0  0  3  0  0  0
2013 02 19  112    117      460      1    -999   B3.6   1  0  0  1  0  0  0
2013 02 20  114    106      650      0    -999   B3.2   3  0  0  3  0  0  0
2013 02 21  109     75      660      0    -999   B2.7   3  0  0  2  0  0  0
2013 02 22  107     79      530      0    -999   B2.3   1  0  0  0  0  0  0
2013 02 23  100     56      440      0    -999   B3.8   2  0  0  1  0  0  0
2013 02 24   95     25       60      0    -999   B2.9   1  0  0  0  0  0  0
2013 02 25   95     59      110      3    -999   B2.2   0  0  0  0  0  0  0
2013 02 26   99     49      250      0    -999   B1.8   0  0  0  0  0  0  0
2013 02 27  102     61      250      1    -999   B2.0   0  0  0  1  0  0  0
2013 02 28  106     63      370      0    -999   B2.7   0  0  0  3  0  0  0
2013 03 01  113     88      460      2    -999   B2.7   0  0  0  2  0  0  0
2013 03 02  111     90      510      0    -999   B2.9   2  0  0  0  0  0  0
2013 03 03  112    115      520      2    -999   B2.7   0  0  0  0  0  0  0
2013 03 04  114    103      290      1    -999   B2.7   0  0  0  0  0  0  0
2013 03 05  118    106      300      0    -999   B3.2   1  1  0  2  0  0  0
2013 03 06  114     88      390      1    -999   B2.8   0  0  0  0  0  0  0
2013 03 07  114     80      320      0    -999   B2.4   1  0  0  0  0  0  0
2013 03 08  115     59      160      1    -999   B3.1   0  0  0  0  0  0  0
2013 03 09  116     63      430      1    -999   B3.2   0  0  0  0  0  0  0
2013 03 10  119     89      490      2    -999   B3.4   0  0  0  0  0  0  0
2013 03 11  120    105      490      2    -999   B2.5   1  0  0  1  0  0  0
2013 03 12  123     95      610      0    -999   B3.3   4  0  0  1  1  0  0
2013 03 13  123    103      630      0    -999   B4.7   2  0  0  2  0  0  0
2013 03 14  123    133      740      1    -999   B2.5   1  0  0  1  0  0  0
2013 03 15  123    105      650      0    -999   B4.0   2  1  0  3  2  0  0
2013 03 16  126     90      890      0    -999   B4.3   4  0  0  5  0  0  0
2013 03 17  126    126      980      2    -999   B3.6   3  0  0  1  0  0  0
2013 03 18  118    116      930      0    -999   B3.7   9  0  0  0  0  0  0
2013 03 19  110     68      630      0    -999   B2.6   5  0  0  1  0  0  0
2013 03 20  108     70      520      1    -999   B3.1   3  0  0  1  0  0  0
2013 03 21  106     60      460      1    -999   B2.8   4  1  0  0  0  0  0
2013 03 22  101     54      210      1    -999   B3.2   7  0  0  5  0  0  0
2013 03 23   98     56      250      1    -999   B2.1   0  0  0  1  0  0  0
2013 03 24   96     45      180      0    -999   B1.3   0  0  0  0  0  0  0
2013 03 25   93     56      170      1    -999   B1.0   0  0  0  2  0  0  0
2013 03 26   92     41      140      0    -999   B1.2   0  0  0  0  0  0  0
2013 03 27   93     35      100      1    -999   B1.0   0  0  0  0  0  0  0
2013 03 28   99     49      170      2    -999   B1.8   0  0  0  0  0  0  0
2013 03 29  105     73      280      2    -999   B2.6   0  0  0  0  0  0  0
2013 03 30  108     70      480      1    -999   B2.7   0  0  0  0  0  0  0
2013 03 31  113     83      630      1    -999   B2.6   0  0  0  0  0  0  0
2013 04 01  119     84      650      0    -999   B2.4   0  0  0  0  0  0  0
2013 04 02  122    103      700      2    -999   B2.5   0  0  0  3  0  0  0
2013 04 03  127    109      860      0    -999   B2.8   3  0  0  3  0  0  0
2013 04 04  129    119      820      1    -999   B3.1   1  0  0  0  0  0  0
2013 04 05  134    146      860      4    -999   B3.6   1  1  0  3  0  0  0
2013 04 06  137    117      880      0    -999   B4.2   8  0  0 10  0  0  0
2013 04 07  138    144      910      1    -999   B4.0   4  0  0  6  0  0  0
2013 04 08  139    162     1140      0    -999   B4.0   2  0  0  3  0  0  0
2013 04 09  147    116      960      0    -999   B6.4   8  0  0  8  0  0  0
2013 04 10  148    163     1080      2    -999   B7.0   8  0  0 10  0  0  0
2013 04 11  137    121      960      0    -999   B6.5   7  1  0 14  0  0  1
2013 04 12  138    128     1220      0    -999   B5.9   4  1  0 10  0  0  0
2013 04 13  125    148      790      2    -999   B3.7   4  0  0  5  0  0  0
2013 04 14  117    111      710      0    -999   B3.4   0  0  0  1  0  0  0
2013 04 15  113     99      590      0    -999   B3.1   3  0  0  2  0  0  0
2013 04 16  113     97      460      0    -999   B3.1   5  0  0 11  0  0  0
2013 04 17  108     89      500      0    -999   B2.8   3  0  0  3  0  0  0
2013 04 18  105     86      450      0    -999   B2.8   2  0  0  1  0  0  0
2013 04 19   99    101      300      3    -999   B2.5   2  0  0  3  0  0  0
2013 04 20  105    101      340      0    -999   B2.7   8  0  0 15  0  0  0
2013 04 21  109     76      360      0    -999   B5.1  13  0  0 30  1  0  0
2013 04 22  113     83      650      0    -999   B3.7   3  1  0  4  0  0  0
2013 04 23  118     95      710      2    -999   B4.9  11  0  0 11  1  0  0
2013 04 24  115     92      950      1    -999   B5.6   7  0  0 12  0  0  0
2013 04 25  119     93     1450      1    -999   B7.3  11  0  0  1  0  0  0
2013 04 26  122    104     1090      0    -999   B6.9  10  0  0  4  0  0  0
2013 04 27  127    100      650      2    -999   B8.4   9  0  0  0  0  0  0
2013 04 28  132     97      640      0    -999   B6.9  12  0  0 13  1  0  0
2013 04 29  142    136      860      2    -999   B7.3  12  0  0 17  0  0  0
2013 04 30  154    165     1380      0    -999   B6.7   7  0  0 14  0  0  0
2013 05 01  159    151     1220      1    -999   B7.8  13  0  0 16  0  0  0
2013 05 02  149    102     1110      0    -999   B6.0   6  1  0  5  2  0  0
2013 05 03  148    139     1150      3    -999   B6.5   5  2  0  4  0  1  0
2013 05 04  142    156     1080      1    -999   B6.4  11  0  0  8  0  0  0
2013 05 05  137    103      800      0    -999   B5.9  16  1  0 16  1  0  0
2013 05 06  131    122      670      1    -999   B5.5   6  0  0  6  0  0  0
2013 05 07  129    118      670      0    -999   B5.1   4  0  0  3  0  0  0
2013 05 08  127    112      740      0    -999   B4.3   4  0  0  2  0  0  0
2013 05 09  128    154      945      3    -999   B5.4   7  0  0  4  0  0  0
2013 05 10  125    149      890      1    -999   B6.7   8  2  0  4  1  0  0
2013 05 11  137    145     1050      1    -999   B7.8   7  0  0  6  0  0  0
2013 05 12  147    173     1280      1    -999   B8.5  13  2  0  1  0  0  0
2013 05 13  150    144     1380      1    -999   C1.1  10  1  2 19  1  0  0
2013 05 14  148    142     1200      0    -999   B7.1   3  0  1 11  0  0  0
2013 05 15  146    186     1180      3    -999   B7.7   4  0  1  3  0  1  0
2013 05 16  145    212     1290      1    -999   B6.0   4  1  0  1  1  0  0
2013 05 17  136    198      990      0    -999   B5.7   1  1  0  9  0  1  0
2013 05 18  132    146      700      0    -999   B4.8   5  0  0 10  0  0  0
2013 05 19  135    113      590      0    -999   B5.8   9  0  0 12  1  0  0
2013 05 20  132    113      590      2    -999   B7.0   7  1  0 21  1  0  0
2013 05 21  125    119      670      2    -999   B5.5   6  0  0 11  1  0  0
2013 05 22  133    107      780      0    -999   C1.0   4  1  0 15  0  0  1
2013 05 23  135    117      710      0    -999   B6.5   6  0  0 10  2  0  0
2013 05 24  127     99      570      0    -999   B4.5   3  0  0 12  0  0  0
2013 05 25  121    107      680      1    -999   B3.9   4  0  0  2  0  0  0
2013 05 26  120     92      550      1    -999   B3.8   2  0  0  6  0  0  0
2013 05 27  110     87      430      1    -999   B3.1   0  0  0  0  0  0  0
2013 05 28  105     75      320      0    -999   B2.6   0  0  0  0  0  0  0
2013 05 29  107     83      230      2    -999   B2.7   3  0  0  3  0  0  0
2013 05 30  104     71      140      0    -999   B2.7   0  0  0  2  0  0  0
2013 05 31  102     58      120      0    -999   B2.3   2  1  0  2  0  0  0
2013 06 01  106     60      130      2    -999   B2.2   0  0  0  1  0  0  0
2013 06 02  111     76      290      1    -999   B2.8   1  0  0  3  0  0  0
2013 06 03  112     99      460      0    -999   B2.7   2  0  0  2  0  0  0
2013 06 04  110     59      390      0    -999   B2.7   0  0  0  0  0  0  0
2013 06 05  109     81      680      2    -999   B2.6   0  1  0  2  1  0  0
2013 06 06  109     71      510      0    -999   B2.4   0  0  0  0  0  0  0
2013 06 07  110     76      460      0    -999   B2.5   3  1  0  1  0  0  0
2013 06 08  103     27      200      0    -999   B2.2   2  0  0  0  0  0  0
2013 06 09   96     41      220      1    -999   B1.7   1  0  0  2  0  0  0
2013 06 10   93     21      120      0    -999   B1.4   1  0  0  6  0  0  0
2013 06 11   90     14       50      0    -999   B1.3   0  0  0  0  0  0  0
2013 06 12   93     27       80      1    -999   B1.5   0  0  0  3  0  0  0
2013 06 13   99     45      130      2    -999   B2.2   1  0  0  4  0  0  0
2013 06 14  109     73      410      2    -999   B3.1   0  0  0  4  0  0  0
2013 06 15  111    101      510      3    -999   B3.3   1  0  0  0  0  0  0
2013 06 16  116    104      490      0    -999   B3.6   1  0  0  3  0  0  0
2013 06 17  124    110      990      0    -999   B4.6   4  0  0  6  0  0  0
2013 06 18  125    120      770      1    -999   B4.4   5  0  0  6  0  0  0
2013 06 19  123    126      810      0    -999   B4.2   5  0  0  6  0  0  0
2013 06 20  126    128      660      1    -999   B4.6   4  0  0 14  0  0  0
2013 06 21  133    135      850      0    -999   B5.5   8  1  0 17  1  0  0
2013 06 22  130    137     1200      1    -999   B5.0   3  0  0  9  0  0  0
2013 06 23  128    118      800      0    -999   B4.8   0  1  0  2  1  0  0
2013 06 24  121     82      740      0    -999   B4.7   4  0  0  6  1  0  0
2013 06 25  109     91      400      1    -999   B3.8   1  0  0  6  0  0  0
2013 06 26  107     77      320      1    -999   B3.4   2  0  0  1  0  0  0
2013 06 27  100     71      340      0    -999   B2.6   2  0  0  3  0  0  0
2013 06 28  101     83      230      2    -999   B2.0   3  0  0  4  0  0  0
2013 06 29  100     67      230      0    -999   B1.9   1  0  0  4  0  0  0
2013 06 30  103     85      280      1    -999   B3.4   5  0  0 12  0  0  0
2013 07 01  108    102      430      2    -999   B3.3   3  0  0  0  0  0  0
2013 07 02  114    101      620      1    -999   B5.0   4  0  0 16  1  0  0
2013 07 03  125     94      700      1    -999   B6.1  10  1  0 16  0  0  0
2013 07 04  138    109      870      0    -999   B7.7  14  0  0 11  2  0  0
2013 07 05  141    113      970      1    -999   B7.9  14  0  0 35  3  0  0
2013 07 06  134    115      870      0    -999   B5.1   6  0  0 17  0  0  0
2013 07 07  126    112      850      2    -999   B4.1   6  0  0  8  1  0  0
2013 07 08  119    143      790      0    -999   B4.0   2  0  0  1  0  0  0
2013 07 09  120     98      720      0    -999   B3.5   4  0  0  3  1  0  0
2013 07 10  118     76      440      0    -999   B3.9   3  0  0  7  1  0  0
2013 07 11  113     85      350      0    -999   B4.0   4  0  0  1  0  0  0
2013 07 12  118     87      230      2    -999   B4.1   2  0  0  3  0  0  0
2013 07 13  114     66      260      0    -999   B3.8   1  0  0  3  0  0  0
2013 07 14  113     88      310      3    -999   B4.0   1  0  0  2  0  0  0
2013 07 15  114     77      360      0    -999   B4.6   5  0  0 10  0  0  0
2013 07 16  114     61      530      0    -999   B3.7   2  0  0  3  0  0  0
2013 07 17  111     74      430      2    -999   B3.2   2  0  0  5  0  0  0
2013 07 18  115    112      440      3    -999   B3.4   2  0  0  0  0  0  0
2013 07 19  114     94      330      0    -999   B3.4   0  0  0  1  0  0  0
2013 07 20  113     57      260      0    -999   B3.0   2  0  0  3  0  0  0
2013 07 21  109     49      320      0    -999   B3.2   2  0  0  8  1  0  0
2013 07 22  110     53      240      0    -999   B2.8   0  0  0  0  0  0  0
2013 07 23  107     84      250      3    -999   B2.5   0  0  0  0  0  0  0
2013 07 24  108     65      320      1    -999   B2.8   2  0  0  6  0  0  0
2013 07 25  107     71      340      1    -999   B2.9   2  0  0  4  0  0  0
2013 07 26  110     58      330      0    -999   B3.3   3  0  0  3  0  0  0
2013 07 27  108     64      340      1    -999   B3.7   1  0  0  2  0  0  0
2013 07 28  109     68      470      0    -999   B3.8   7  0  0 14  0  0  0
2013 07 29  112     97      500      2    -999   B4.1   2  0  0  8  0  0  0
2013 07 30  113    105      490      1    -999   B4.7   2  0  0  2  0  0  0
2013 07 31  109     94      450      1    -999   B3.4   1  0  0  1  0  0  0
2013 08 01  112     88      380      1    -999   B3.0   0  0  0  3  0  0  0
2013 08 02  113    112      450      1    -999   B2.7   0  0  0  5  0  0  0
2013 08 03  107    104      390      0    -999   B2.2   0  0  0  1  0  0  0
2013 08 04  105     75      330      0    -999   B2.2   0  0  0  0  0  0  0
2013 08 05  104     59      200      0    -999   B2.0   0  0  0  0  0  0  0
2013 08 06  104     61      180      0    -999   B2.2   0  0  0  1  0  0  0
2013 08 07  106     99      190      4    -999   B2.0   0  0  0  1  0  0  0
2013 08 08  104     90      190      0    -999   B2.2   0  0  0  1  0  0  0
2013 08 09  104     51      130      0    -999   B2.1   1  0  0  1  0  0  0
2013 08 10  103     76      110      3    -999   B2.2   1  0  0  0  0  0  0
2013 08 11  110     90      180      0    -999   B3.3   7  0  0 11  0  0  0
2013 08 12  114     85      330      0    -999   B3.2   1  1  0  8  0  0  0
2013 08 13  122     98      670      1    -999   B4.8   7  0  0  3  0  0  0
2013 08 14  125    105      550      1    -999   B4.2   7  0  0  6  1  0  0
2013 08 15  123    129      770      2    -999   B4.1   4  0  0  4  0  0  0
2013 08 16  120    104      650      0    -999   B3.6   2  0  0  6  0  0  0
2013 08 17  125     96      630      1    -999   B3.9   2  2  0  3  0  1  0
2013 08 18  126    134      840      3    -999   B5.4   1  0  0  4  0  0  0
2013 08 19  128    161     1030      1    -999   B4.2   3  0  0  5  0  0  0
2013 08 20  132    115      740      0    -999   B4.8   3  0  0  1  0  0  0
2013 08 21  130    149      730      3    -999   B5.0   4  0  0  9  0  0  0
2013 08 22  132    125      480      1    -999   B5.9   8  0  0  4  0  0  0
2013 08 23  124    127      420      1    -999   B5.0   3  0  0  8  0  0  0
2013 08 24  117    101      350      2    -999   B3.9   0  0  0  1  0  0  0
2013 08 25  113     46      260      0    -999   B3.6   0  0  0  0  0  0  0
2013 08 26  111     35      210      0    -999   B3.1   0  0  0  0  0  0  0
2013 08 27  110     61      390      1    -999   B3.0   0  0  0  0  0  0  0
2013 08 28  108     44      440      0    -999   B2.4   0  0  0  0  0  0  0
2013 08 29  109     55      450      0    -999   B2.4   1  0  0  1  0  0  0
2013 08 30  108     62      390      0    -999   B3.1   1  0  0  3  1  0  0
2013 08 31  108     60      340      0    -999   B2.3   1  0  0  4  0  0  0
2013 09 01  104     71      320      0    -999   B2.0   1  0  0  3  0  0  0
2013 09 02  106     84      410      1    -999   B2.1   0  0  0  2  0  0  0
2013 09 03  106     74      360      0    -999   B2.9   1  0  0 12  0  0  0
2013 09 04  109     77      370      0    -999   B3.8   8  0  0 19  0  0  0
2013 09 05  110     75      320      1    -999   B3.7   2  0  0  4  0  0  0
2013 09 06  101     41      260      0    -999   B3.1   1  0  0  0  0  0  0
2013 09 07   99     35      170      0    -999   B2.5   0  0  0  1  0  0  0
2013 09 08   96     24       90      0    -999   B1.7   0  0  0  2  0  0  0
2013 09 09   94     13       10      0    -999   B1.4   0  0  0  0  0  0  0
2013 09 10   95     23       10      1    -999   B1.3   0  0  0  1  0  0  0
2013 09 11   93     53       80      2    -999   B1.2   0  0  0  0  0  0  0
2013 09 12   93     58       81      1    -999   A7.9   0  0  0  0  0  0  0
2013 09 13   92     40       90      0    -999   A9.5   0  0  0  0  0  0  0
2013 09 14   93     24       60      0    -999   A7.4   0  0  0  0  0  0  0
2013 09 15   93     12       30      0    -999   A8.3   0  0  0  0  0  0  0
2013 09 16   95     23       40      0    -999   B1.1   0  0  0  0  0  0  0
2013 09 17   99     80      140      5    -999   B1.5   0  0  0  1  0  0  0
2013 09 18  104     59      240      0    -999   B2.4   1  0  0  2  0  0  0
2013 09 19  108     85      290      3    -999   B3.0   2  0  0  2  0  0  0
2013 09 20  109     85      320      0    -999   B2.8   4  0  0  2  0  0  0
2013 09 21  110     79      390      0    -999   B2.7   2  0  0  4  1  0  0
2013 09 22  111     98      350      1    -999   B2.4   0  0  0  1  0  0  0
2013 09 23  108     65      290      1    -999   B1.9   0  0  0  2  0  0  0
2013 09 24  110     56      240      0    -999   B1.9   1  0  0  5  0  0  0
2013 09 25  111     61      270      0    -999   B2.1   0  0  0  3  0  0  0
2013 09 26  110     63      340      1    -999   B2.1   0  0  0  1  0  0  0
2013 09 27  108     54      280      0    -999   B2.2   0  0  0  1  0  0  0
2013 09 28  106     58      330      1    -999   B2.5   0  0  0  0  0  0  0
2013 09 29  103     39      190      0    -999   B3.0   3  0  0  1  0  0  0
2013 09 30  105     42       70      1    -999   B2.5   0  0  0  0  0  0  0
2013 10 01  107     49      120      0    -999   B3.0   0  0  0  1  0  0  0
2013 10 02  108     59      270      2    -999   B2.9   2  0  0  0  0  0  0
2013 10 03  114     61      310      1    -999   B2.9   1  0  0  3  0  0  0
2013 10 04  109     84      370      1    -999   B2.2   1  0  0  1  0  0  0
2013 10 05  106     69      320      0    -999   B2.0   0  0  0  0  0  0  0
2013 10 06  107     53      200      0    -999   B2.1   2  0  0  2  0  0  0
2013 10 07  112     76      170      3    -999   B3.0   4  0  0  2  2  0  0
2013 10 08  112     99      280      3    -999   B2.7   0  0  0  2  0  0  0
2013 10 09  113    111      490      1    -999   B3.1   1  1  0  2  0  0  0
2013 10 10  121    138      670      1    -999   B4.7   9  0  0 12  0  0  0
2013 10 11  129    115      780      0    -999   B8.7  11  1  0 17  0  1  0
2013 10 12  128    106      760      0    -999   B5.9   9  0  0  9  2  0  0
2013 10 13  129    125      920      2    -999   B5.0   5  1  0  3  0  1  0
2013 10 14  125    136      790      2    -999   B4.1   7  0  0  1  1  0  0
2013 10 15  125    148      800      1    -999   B6.3  12  2  0 12  1  0  0
2013 10 16  128    120      620      1    -999   B4.2  10  0  0  8  1  0  0
2013 10 17  136    166      760      3    -999   B8.6   5  1  0 16  0  0  0
2013 10 18  140    154      930      1    -999   C1.0   9  0  0  8  0  0  0
2013 10 19  133    149      890      0    -999   B9.2   7  0  0  0  0  0  0
2013 10 20  133    117      720      1    -999   B7.5   4  0  0  8  0  0  0
2013 10 21  136    179      870      2    -999   B5.7  10  0  0  9  0  0  0
2013 10 22  146    228      990      0    -999   B7.1  11  3  0 20  2  0  0
2013 10 23  153    141     1080      0    -999   B8.9   9  3  0 12  0  0  0
2013 10 24  161    148     1440      2    -999   B8.9  13  3  0  9  4  1  0
2013 10 25  161    148     1500      0    -999   C1.1   7  5  2 11  1  0  0
2013 10 26  165    171     1560      3    -999   C1.2  15  5  0 24  2  0  0
2013 10 27  167    206     1930      0    -999   C1.1   7  1  0 23  3  0  0
2013 10 28  160    155     1750      0    -999   C1.2   2  6  1  9  3  4  0
2013 10 29  153    171     1720      1    -999   C1.1  10  0  1 10  0  0  0
2013 10 30  142    132     1230      1    -999   B6.5   2  0  0  0  0  0  0
2013 10 31  143    128      900      1    -999   B5.9   5  1  0  2  0  0  0
2013 11 01  145     95      730      0    -999   B8.1   6  1  0  6  1  0  0
2013 11 02  142    123      710      2    -999   B6.5   8  1  0  6  2  0  0
2013 11 03  144    143     1280      0    -999   B6.1   3  1  0  2  0  1  0
2013 11 04  147    151     1370      0    -999   B6.4   8  0  0  7  0  0  0
2013 11 05  149    134     1400      0    -999   C1.0   9  2  1  6  2  0  0
2013 11 06  154    148     1250      2    -999   B8.8  12  2  0 13  1  0  0
2013 11 07  148    159     1170      0    -999   B6.0  11  2  0  9  1  0  0
2013 11 08  146    160     1270      2    -999   B6.0   3  1  1  4  1  1  0
2013 11 09  148     95      980      0    -999   B6.7  14  0  0  0  1  0  0
2013 11 10  154     90      890      2    -999   B8.8   8  0  1  1  0  1  0
2013 11 11  164    104     1060      2    -999   C1.0   7  1  0  6  0  0  0
2013 11 12  168    147     1810      1    -999   B8.8  12  0  0  9  0  0  0
2013 11 13  171    128     1670      0    -999   B9.3  12  1  0  3  0  0  0
2013 11 14  176    234     1580      2    -999   C1.0  16  0  0  6  0  0  0
2013 11 15  178    272     1640      1    -999   B9.3   7  1  0 11  1  0  0
2013 11 16  175    213     1450      0    -999   C1.0  13  2  0  6  2  0  0
2013 11 17  177    282     1640      1    -999   C1.0  10  1  0 14  0  0  0
2013 11 18  163    144     1550      0    -999   B8.4  13  0  0  4  0  0  0
2013 11 19  153    113     1540      0    -999   B6.7   6  0  1  2  0  0  0
2013 11 20  147     95     1180      0    -999   B6.5   7  0  0  0  0  0  0
2013 11 21  141     85      890      0    -999   B6.0   3  1  0  1  0  0  0
2013 11 22  143     51      740      0    -999   B5.3   5  0  0  2  0  0  0
2013 11 23  136     65      750      2    -999   B5.0  10  2  0  2  2  0  0
2013 11 24  127     69      880      0    -999   B5.5  10  0  0  2  0  0  0
2013 11 25  119     52      200      1    -999   B4.6   4  0  0  0  0  0  0
2013 11 26  116     47      140      1    -999   B4.5   1  0  0  0  0  0  0
2013 11 27  129     76      370      2    -999   B4.6   2  0  0  0  0  0  0
2013 11 28  133    100      800      1    -999   B5.0   4  0  0  5  0  0  0
2013 11 29  129     95      770      0    -999   B3.5   1  0  0  1  0  0  0
2013 11 30  131    102      630      1    -999   B3.5   1  0  0  0  0  0  0
2013 12 01  131    104      650      0    -999   B3.7   2  0  0  0  0  0  0
2013 12 02  134    124      640      3    -999   B4.6   2  0  0  0  0  0  0
2013 12 03  136     97      570      1    -999   B4.9   2  0  0  0  0  0  0
2013 12 04  138     98      620      1    -999   B6.2   4  0  0  1  0  0  0
2013 12 05  150    103      510      0    -999   C1.0   4  0  0  5  0  0  0
2013 12 06  151    105      550      0    -999   C1.0   5  0  0  4  0  0  0
2013 12 07  157    104      510      1    -999   B9.5   3  1  0  2  1  0  0
2013 12 08  166     83      680      1    -999   B8.4   2  0  0  3  0  0  0
2013 12 09  168    125      920      3    -999   B8.0   6  0  0  1  0  0  0
2013 12 10  175    169     1410      2    -999   B8.6   3  0  0  3  0  0  0
2013 12 11  171    166     1350      1    -999   B7.3   4  0  0  5  0  0  0
2013 12 12  165    156     1140      0    -999   B8.0   6  0  0  4  0  0  0
2013 12 13  163    141     1050      1    -999   B7.0   3  0  0  4  0  0  0
2013 12 14  164    163     1100      1    -999   B6.0   4  0  0  6  0  0  0
2013 12 15  156    158     1060      0    -999   B5.8   3  0  0  2  0  0  0
2013 12 16  154    114      780      1    -999   B7.1   5  0  0  2  0  0  0
2013 12 17  159     91      760      1    -999      *   3  0  0  7  0  0  0
2013 12 18  156    118     1130      3    -999   B7.8   4  0  0  4  0  0  0
2013 12 19  153    138     1150      1    -999   B8.0   7  1  0  2  0  0  0
2013 12 20  149    137     1070      2    -999   C1.1   8  1  0  1  0  0  0
2013 12 21  144    131     1190      0    -999   B7.8  10  0  0  2  1  0  0
2013 12 22  138    111      880      0    -999   B9.4  14  6  0 10  3  0  0
2013 12 23  136    108      860      2    -999   B5.7  13  1  0 13  1  0  0
2013 12 24  128     96      670      0    -999   B5.3   3  0  0  0  0  0  0
2013 12 25  123     81      490      0    -999   B4.2   9  0  0  2  0  0  0
2013 12 26  125     96      450      1    -999   B3.7   2  0  0  1  0  0  0
2013 12 27  131    107      570      1    -999   B3.7   7  0  0  5  0  0  0
2013 12 28  135     95      570      0    -999   B4.8   6  0  0  8  0  0  0
2013 12 29  137    119      520      1    -999   B6.3  11  1  0 11  1  0  0
2013 12 30  143     93      510      0    -999   B6.9   3  0  0  3  0  0  0
2013 12 31  145    136      490      4    -999   B9.9   8  1  0  6  0  1  0
