      DATE R107   SESC   SSAREA NEW_RG STANFRD XR_BKG  XC XM XX XS O1 O2 O3
---------- ---- ------ -------- ------ ------- ------ --- -- -- -- -- -- --
2014 01 01  160    106      610      1    -999   C1.1   3  1  0  7  0  1  0
2014 01 02  161    133     1410      1    -999   C1.5   6  2  0  5  1  0  0
2014 01 03  182    162     1570      0    -999   C1.2   9  2  0 14  0  0  0
2014 01 04  215    178     1710      1    -999   C1.7   4  3  0 10  0  1  0
2014 01 05  218    225     1790      0    -999   C1.8   3  0  0 14  0  0  0
2014 01 06  204    245     1855      2    -999   C1.1   3  0  0  6  1  0  0
2014 01 07  237    196     1850      0    -999   B9.6   8  2  1 13  1  2  0
2014 01 08  195    178     1990      1    -999   C1.0   6  1  0  8  0  0  0
2014 01 09  184    106     1960      0    -999   B7.8   2  0  0  1  0  0  0
2014 01 10  175    138     2240      2    -999   B7.1   3  0  0  2  0  0  0
2014 01 11  166    134     1800      1    -999   B7.2  10  0  0  2  0  0  0
2014 01 12  155    118     1620      1    -999   B6.7   2  0  0  2  0  0  0
2014 01 13  143    102     1350      0    -999   B6.2   4  1  0  4  0  0  0
2014 01 14  137     95      480      1    -999   B7.7   2  0  0  3  0  0  0
2014 01 15  126     87      450      0    -999   B5.6   0  0  0  0  0  0  0
2014 01 16  121     77      330      1    -999   B4.5   4  0  0  0  0  0  0
2014 01 17  129     95      360      3    -999   B7.1  11  0  0  0  0  0  0
2014 01 18  130    114      500      2    -999   B4.9   7  0  0  3  0  0  0
2014 01 19  128     91      530      0    -999   B4.3   2  0  0  1  0  0  0
2014 01 20  137    131      850      2    -999   B4.6   5  0  0  3  0  0  0
2014 01 21  146    141      820      2    -999   B5.0   2  0  0  1  0  0  0
2014 01 22  143    144      670      1    -999   B4.8   1  0  0  2  0  0  0
2014 01 23  136    121      560      0    -999   B3.6   0  0  0  0  0  0  0
2014 01 24  136    150      680      0    -999   B3.8   1  0  0  0  0  0  0
2014 01 25  133    102      520      1    -999      *   1  0  0  0  0  0  0
2014 01 26  138    109      460      0    -999   B7.9   3  0  0  0  0  0  0
2014 01 27  144     62      490      2    -999   C1.2   7  3  0  0  0  0  0
2014 01 28  157     70      910      0    -999   C1.4   6  7  0  6  2  0  0
2014 01 29  156     96     1370      0    -999   C1.0  11  0  0  7  0  0  0
2014 01 30  161    112     1470      0    -999   C1.2   6  3  0  5  0  1  0
2014 01 31  166     87     1210      0    -999   C1.0   5  1  0  2  0  0  0
2014 02 01  177    147     1640      1    -999   C1.4   7  2  0  7  2  0  0
2014 02 02  190    163     1890      1    -999   C1.8  10  7  0 32  3  0  0
2014 02 03  188    168     1870      0    -999   C1.6  12  0  0 18  0  0  0
2014 02 04  188    183     1970      1    -999   C2.5  12  4  0 12  3  0  0
2014 02 05  194    234     2080      3    -999   C1.5  10  1  0 14  0  0  0
2014 02 06  191    223     2630      0    -999   C1.1   8  1  0  8  1  0  0
2014 02 07  178    241     2270      0    -999   C1.2   5  2  0 14  1  1  0
2014 02 08  172    186     1770      2    -999   B9.6   8  0  0  4  0  0  0
2014 02 09  169    180     1760      0    -999   C1.1   4  1  0  6  0  0  0
2014 02 10  161    122      940      1    -999   C1.1   5  0  0  4  0  0  0
2014 02 11  172    151     1100      1    -999   C1.3   2  2  0  6  3  1  0
2014 02 12  160    187     1260      1    -999   C1.5   5  3  0 12  1  2  0
2014 02 13  167    157     1710      0    -999   C1.8   9  5  0 16  4  1  0
2014 02 14  167    196     1785      1    -999   C1.0  11  4  0 19  2  1  0
2014 02 15  162    135     1410      0    -999   B8.3   6  0  0  6  0  0  0
2014 02 16  154    137     1410      0    -999   B7.2   9  1  0  9  0  0  0
2014 02 17  152    101     1090      2    -999   B7.8   7  0  0 11  1  0  0
2014 02 18  151    134     1300      2    -999   B9.4   5  0  0 18  0  0  0
2014 02 19  158    123      940      1    -999   B8.1   7  0  0  2  1  0  0
2014 02 20  156    140      880      1    -999   B7.5   2  1  0  7  0  0  0
2014 02 21  157    152      870      1    -999   B8.0   3  0  0  1  0  0  0
2014 02 22  163    179     1020      1    -999   B7.8   3  0  0  4  0  0  0
2014 02 23  172    185     1110      1    -999   B9.9   9  1  0  1  0  0  0
2014 02 24  171    205     1250      1    -999   B9.1   5  2  0  4  0  0  0
2014 02 25  174    157      910      0    -999   C1.0   4  0  1 11  1  1  0
2014 02 26  178    197     1060      3    -999   B9.5   3  1  0 11  1  0  0
2014 02 27  176    227     1170      0    -999   B9.8  12  0  0 15  0  0  0
2014 02 28  171    279     1220      2    -999   B9.7   6  1  0  9  0  1  0
2014 03 01  165    177     1060      0    -999   B9.7   3  1  0  6  0  0  0
2014 03 02  161    170      960      1    -999   B8.3   7  1  0 14  0  0  0
2014 03 03  161    191      930      0    -999   C1.0  10  1  0  4  1  0  0
2014 03 04  158    160      760      1    -999   B8.8  10  0  0  1  1  0  0
2014 03 05  149    191      920      2    -999   B7.6   7  1  0  5  0  0  0
2014 03 06  149    174      540      2    -999   B5.5   1  0  0  2  0  0  0
2014 03 07  148    161      740      0    -999   B5.4   2  0  0  0  0  0  0
2014 03 08  142    138      490      1    -999   B6.4   4  1  0  8  1  0  0
2014 03 09  146    123      340      0    -999   B9.3  14  2  0 27  1  0  0
2014 03 10  152    122      490      2    -999   C1.4   8  4  0 22  0  1  0
2014 03 11  165    108      540      0    -999   C1.4   7  2  0 11  2  0  0
2014 03 12  148    145      890      1    -999   B7.4   3  2  0 11  0  0  0
2014 03 13  148    130      850      0    -999   B7.3   2  1  0  4  0  0  0
2014 03 14  144    121      750      2    -999   B8.0   4  0  0  4  0  0  0
2014 03 15  139    141     1020      1    -999   B5.9   7  0  0  5  0  0  0
2014 03 16  136    139      930      1    -999   B6.0   4  0  0  2  0  0  0
2014 03 17  136    110      530      1    -999   B5.9   7  0  0  6  0  0  0
2014 03 18  138    125      520      3    -999   B5.6   5  0  0  4  0  0  0
2014 03 19  149    137      630      1    -999   B7.5  11  0  0 14  4  0  0
2014 03 20  151    137      880      0    -999   B8.2   6  1  0 13  6  0  0
2014 03 21  153    125      810      0    -999   B6.1   6  0  0  5  0  0  0
2014 03 22  155    159      980      3    -999   B6.1   6  1  0  7  2  0  0
2014 03 23  157    159      890      0    -999   B7.1  14  0  0  2  0  1  0
2014 03 24  159    132      740      1    -999   B6.8   4  0  0  4  1  0  0
2014 03 25  153    114      650      0    -999   Unk    4  0  0  2  0  0  0
2014 03 26  153    123      520      0    -999   Unk    6  0  0  5  1  0  0
2014 03 27  145    145      620      2    -999   B5.5   2  0  0  4  0  0  0
2014 03 28  146    135      680      2    -999   B5.0   6  2  0  7  0  0  0
2014 03 29  143    132      470      2    -999   B7.3  14  0  1 15  1  1  0
2014 03 30  148    122      550      2    -999   B8.9  11  1  0  2  1  0  0
2014 03 31  152    129      630      1    -999   B9.1   6  1  0 17  0  0  0
2014 04 01  153    124      540      2    -999   B6.5   7  0  0  3  0  0  0
2014 04 02  155    126      740      1    -999   B7.0   9  1  0 12  0  1  0
2014 04 03  153    137      800      0    -999   B4.8   4  0  0  5  0  0  0
2014 04 04  157    174     1180      0    -999   B5.4  10  0  0  2  1  1  0
2014 04 05  142    172      930      0    -999   B3.9   3  0  0  0  0  0  0
2014 04 06  141    127      560      1    -999   B3.9   2  0  0  1  0  0  0
2014 04 07  140    106      420      0    -999   B5.5   5  0  0  2  1  0  0
2014 04 08  132     94      440      1    -999   B3.5   1  0  0  0  0  0  0
2014 04 09  131     95      430      1    -999   B5.1   3  0  0  1  0  0  0
2014 04 10  137     78      420      1    -999   B8.0   4  0  0  3  0  0  0
2014 04 11  138     83      660      1    -999   B6.2   7  0  0  1  0  0  0
2014 04 12  136     74      710      0    -999   B5.7   2  0  0  0  0  0  0
2014 04 13  137     95      740      2    -999   B4.4   4  0  0  3  0  0  0
2014 04 14  150    105      790      0    -999   B6.0  11  0  0 15  0  0  0
2014 04 15  162    149      960      3    -999   B5.8  12  0  0 11  1  0  0
2014 04 16  184    245     1480      2    -999   B8.7  11  1  0 19  2  0  0
2014 04 17  179    296     1660      1    -999   B8.1   8  0  0  5  0  0  0
2014 04 18  172    263     1840      0    -999   B8.1   4  1  0  4  0  0  0
2014 04 19  169    259     1750      2    -999   B8.1  12  0  0  4  0  0  0
2014 04 20  163    192     1080      0    -999   B8.5  12  0  0  5  1  0  0
2014 04 21  159    168     1060      0    -999   B7.9   9  0  0  9  0  0  0
2014 04 22  145    136      760      0    -999   B2.8   9  0  0  6  1  0  0
2014 04 23  136    105      810      0    -999   B7.8   7  0  0  2  0  0  0
2014 04 24  130     71      450      1    -999   B5.1   2  0  0  0  0  0  0
2014 04 25  125     73      390      0    -999   B6.1   4  0  1  1  0  0  0
2014 04 26  121     46      300      0    -999   B4.4   3  0  0  0  0  0  0
2014 04 27  118     84      520      3    -999   B2.9   0  0  0  0  0  0  0
2014 04 28  121     79      620      0    -999   B2.5   1  0  0 11  0  0  0
2014 04 29  120     80      570      0    -999   B2.7   0  0  0  2  0  0  0
2014 04 30  124     81      540      0    -999   B2.7   2  0  0 10  0  0  0
2014 05 01  126     93      650      1    -999   B2.8   0  0  0  2  0  0  0
2014 05 02  135    114     1010      1    -999   B5.4   7  0  0  5  0  0  0
2014 05 03  133    121     1060      1    -999   B5.6   9  0  0  4  0  0  0
2014 05 04  132    128      780      1    -999   B5.5   8  0  0  7  0  0  0
2014 05 05  139    131      890      1    -999   B8.1   5  0  0  3  0  0  0
2014 05 06  139    137     1130      1    -999   B7.3   4  2  0  3  1  0  0
2014 05 07  146    105     1010      1    -999   B8.3   3  1  0  3  0  0  0
2014 05 08  148    124     1180      1    -999   B7.8   2  1  0  1  0  1  0
2014 05 09  152    123     1320      0    -999   B6.6   8  0  0 12  1  0  0
2014 05 10  152    125     1080      1    -999   B7.2   6  0  0 18  1  0  0
2014 05 11  164    161     1050      3    -999   B8.1   8  0  0 11  0  1  0
2014 05 12  163    164     1140      0    -999   B7.0   6  0  0 14  2  0  0
2014 05 13  159    138      880      0    -999   B6.4   3  0  0  5  1  0  0
2014 05 14  163    162     1000      2    -999   B6.5   7  0  0 13  1  0  0
2014 05 15  152    130      900      1    -999   B5.8   6  0  0  2  0  0  0
2014 05 16  139    136      770      1    -999   B5.1   7  0  0  4  1  0  0
2014 05 17  134    146      580      2    -999   B5.0   1  0  0  3  0  0  0
2014 05 18  128    138      470      1    -999   B4.4   2  0  0  3  0  0  0
2014 05 19  117    130      340      2    -999   B3.9   1  0  0  0  0  0  0
2014 05 20  117    126      230      1    -999   B3.4   2  0  0  4  0  0  0
2014 05 21  114    100      370      1    -999   B3.4   2  0  0 10  0  0  0
2014 05 22  111     70      280      0    -999   B2.8   3  0  0  5  0  0  0
2014 05 23  116    112      320      2    -999   B3.3   2  0  0  5  0  0  0
2014 05 24  118    130      440      0    -999   B4.9   8  1  0  9  2  0  0
2014 05 25  113    133      560      0    -999   B4.1   5  0  0  9  0  0  0
2014 05 26  108    110      510      0    -999   B3.8   5  0  0  0  0  0  0
2014 05 27  106     96      210      0    -999   B3.2   2  0  0  5  0  0  0
2014 05 28   99     72      150      1    -999   B2.5   1  0  0  1  0  0  0
2014 05 29  103     55      100      0    -999   B2.4   1  0  0  1  0  0  0
2014 05 30  102     56      110      1    -999   B2.4   0  0  0  1  0  0  0
2014 05 31  104     55      130      0    -999   B2.5   2  0  0  2  0  0  0
2014 06 01  103     68      260      2    -999   B2.5   2  0  0  3  0  0  0
2014 06 02  105     56      210      0    -999   B2.4   0  0  0  0  0  0  0
2014 06 03  107     61      200      1    -999   B2.8   0  1  0  2  0  1  0
2014 06 04  105     70      220      1    -999   B2.3   2  0  0  4  1  0  0
2014 06 05  111    102      330      2    -999   B2.7   0  0  0 10  0  0  0
2014 06 06  133    132      550      2    -999   B3.7   6  1  0  8  0  0  0
2014 06 07  137    155      950      0    -999   B4.3   2  0  0  8  0  0  0
2014 06 08  149    144     1130      0    -999   B5.1   4  0  0  4  0  0  0
2014 06 09  161    152     1510      1    -999   B6.6   6  0  0 11  1  0  0
2014 06 10  166    149     1240      1    -999   B9.4   6  0  2  6  1  0  0
2014 06 11  168    176     1490      3    -999   C1.0  10  3  1 19  0  2  0
2014 06 12  175    196     1590      2    -999   C1.1   8  7  0 32  4  0  0
2014 06 13  153    276     1800      0    -999   C1.1  11  1  0 31  3  0  0
2014 06 14  144    159     1120      0    -999   C1.2   4  1  0 14  0  0  0
2014 06 15  130     80      500      0    -999   C1.1   7  2  0  7  0  0  0
2014 06 16  117     81      630      2    -999   B7.0   9  0  0 15  1  0  0
2014 06 17  114     87      680      0    -999   B3.7   6  0  0  4  0  0  0
2014 06 18  111    108      690      1    -999   B4.0   5  0  0  6  1  0  0
2014 06 19  111    108      560      0    -999   B2.5   2  0  0  9  0  0  0
2014 06 20  102     75      340      0    -999   B2.9   4  0  0  5  1  0  0
2014 06 21  101     75      310      0    -999   B2.0   2  0  0 10  1  0  0
2014 06 22   94     95      320      2    -999   B1.6   0  0  0  1  0  0  0
2014 06 23   93     64      170      0    -999   B1.6   1  0  0  1  0  0  0
2014 06 24   94     37      130      1    -999   B1.7   2  0  0  1  0  0  0
2014 06 25   97     52      240      0    -999   B1.8   0  0  0  4  0  0  0
2014 06 26  100     72      240      0    -999   B2.3   2  0  0  2  0  0  0
2014 06 27  104     78      150      3    -999   B4.6   0  0  0  2  0  0  0
2014 06 28  115     89      230      3    -999   B6.2  11  0  0  2  0  0  0
2014 06 29  126    112      660      3    -999   B6.8  14  0  0  9  0  0  0
2014 06 30  141    124      750      0    -999   B7.7   6  0  0  8  0  0  0
2014 07 01  152    154      850      1    -999   B9.6   5  1  0 14  1  0  0
2014 07 02  169    180     1260      1    -999   B8.9   1  0  0 24  1  0  0
2014 07 03  178    179     1430      1    -999   B8.8   2  0  0 23  0  0  0
2014 07 04  188    199     1830      1    -999   C1.0   2  0  0 27  1  0  0
2014 07 05  193    213     2090      1    -999   B9.6   3  0  0 11  0  0  0
2014 07 06  201    256     2230      1    -999   C1.2   5  0  0 14  0  0  0
2014 07 07  198    197     1980      0    -999   B9.8   5  0  0 17  0  0  0
2014 07 08  201    209     2280      2    -999   C1.0   4  1  0 15  1  1  0
2014 07 09  198    183     2230      0    -999   C1.0   5  1  0 29  2  0  0
2014 07 10  177    159     1790      1    -999   B9.2   3  1  0 12  1  0  0
2014 07 11  166    166     1490      1    -999   B9.5   3  0  0 16  0  0  0
2014 07 12  145    145     1420      0    -999   B8.0   4  0  0 22  0  0  0
2014 07 13  127    102      660      0    -999   B5.9   5  0  0  3  1  0  0
2014 07 14  109     70      370      0    -999   B4.0   1  0  0  1  0  0  0
2014 07 15  101     25       20      0    -999   B2.7   1  0  0  0  0  0  0
2014 07 16   92     11       10      0    -999   B1.7   0  0  0  0  0  0  0
2014 07 17   89      0        0      0    -999   B1.3   0  0  0  0  0  0  0
2014 07 18   89     26       30      2    -999   B1.2   0  0  0  0  0  0  0
2014 07 19   86     27       30      0    -999   B1.1   0  0  0  0  0  0  0
2014 07 20   87     17       40      1    -999   B1.5   0  0  0  0  0  0  0
2014 07 21   90     16       70      0    -999   B2.1   0  0  0  0  0  0  0
2014 07 22   93     40      180      2    -999   B1.8   0  0  0  0  0  0  0
2014 07 23   99     55      180      1    -999   B2.0   0  0  0  7  0  0  0
2014 07 24  104     55      280      0    -999   B2.5   1  0  0  3  1  0  0
2014 07 25  107     65      220      0    -999   B2.8   1  0  0  2  1  0  0
2014 07 26  117     76      240      3    -999   B4.2   4  0  0  6  0  0  0
2014 07 27  121    110      380      2    -999   B4.3   2  0  0  6  0  0  0
2014 07 28  132    143      540      1    -999   B5.0   2  0  0  5  1  0  0
2014 07 29  142    160      890      2    -999   B5.1   8  0  0  7  0  0  0
2014 07 30  152    145      900      0    -999   B7.1   5  0  0  2  1  0  0
2014 07 31  156    139      860      1    -999   B6.7   6  1  0  5  0  0  0
2014 08 01  168    165      890      0    -999   B8.2   2  2  0 15  2  0  0
2014 08 02  156    178      850      2    -999   B7.8   4  0  0 14  0  0  0
2014 08 03  152    152      680      0    -999   B6.3   7  0  0 13  1  0  0
2014 08 04  139    111      540      0    -999   B5.5   4  0  0  9  0  0  0
2014 08 05  139     93      450      0    -999   B5.4   4  0  0  7  0  0  0
2014 08 06  137    119      480      1    -999   B4.8   1  0  0  5  0  0  0
2014 08 07  136    158      570      0    -999   B6.0   3  0  0 21  0  0  0
2014 08 08  123    101      570      1    -999   B4.8   4  0  0  6  1  0  0
2014 08 09  113    111      460      1    -999   B3.9   1  0  0  9  0  0  0
2014 08 10  108     64      320      0    -999   B3.4   1  0  0  9  0  0  0
2014 08 11  105     82      400      2    -999   B3.0   1  0  0  6  0  0  0
2014 08 12  104     80      340      1    -999   B2.8   0  0  0  7  0  0  0
2014 08 13  103     68      290      0    -999   B3.2   0  0  0  8  0  0  0
2014 08 14  103    108      340      4    -999   B2.5   0  0  0 11  0  0  0
2014 08 15  113    119      420      1    -999   B3.3   4  0  0 25  1  0  0
2014 08 16  112     99      500      1    -999   B3.5   2  0  0  7  0  0  0
2014 08 17  115    121      640      1    -999   B3.3   1  0  0 10  0  0  0
2014 08 18  111     92      510      0    -999   B2.7   2  0  0  9  1  0  0
2014 08 19  111     84      460      0    -999   B2.6   1  0  0  5  0  0  0
2014 08 20  118     89      320      1    -999   B3.8   9  0  0  7  1  0  0
2014 08 21  128    128      450      1    -999   B5.8   9  1  0 10  0  0  0
2014 08 22  126    139      660      1    -999   B5.3   9  1  0 11  3  1  0
2014 08 23  132    124      800      1    -999   B5.0   7  0  0 18  2  0  0
2014 08 24  141    128      890      0    -999   B5.9   7  1  0 14  1  1  0
2014 08 25  135    112      810      0    -999   B4.8   4  2  0 10  1  0  0
2014 08 26  128     81      710      0    -999   B4.8   4  0  0  5  0  0  0
2014 08 27  123     82      670      0    -999   B4.2   3  0  0  9  0  0  0
2014 08 28  119     78      610      1    -999   B3.5   3  0  0 10  1  0  0
2014 08 29  120     73      470      1    -999   B3.5   6  0  0  5  0  0  0
2014 08 30  123     64      560      0    -999   B4.6   8  0  0 22  0  0  0
2014 08 31  125     90      680      0    -999   B5.1   9  0  0  9  1  0  0
2014 09 01  127     94      640      0    -999   B4.5   4  0  0  7  0  0  0
2014 09 02  136    105      650      1    -999   C1.2   5  0  0  7  0  0  0
2014 09 03  138     92      560      1    -999   C1.0   5  1  0  1  0  0  0
2014 09 04  146    136     1060      3    -999   C1.0   9  0  0  2  0  0  0
2014 09 05  144    124     1350      1    -999   B9.1   6  0  0  2  1  0  0
2014 09 06  157    170     1380      3    -999   C1.1   6  1  0  9  1  0  0
2014 09 07  151    154     1210      1    -999   B9.8   6  0  0  9  0  0  0
2014 09 08  164    158     1110      0    -999   B8.8   4  1  0 16  1  0  0
2014 09 09  159    162     1120      0    -999   C1.1   1  0  0  4  1  0  0
2014 09 10  160    161     1070      0    -999   B7.6   1  0  1 12  0  1  0
2014 09 11  151    164      870      2    -999   B8.7   4  2  0  6  0  0  0
2014 09 12  152    157      790      1    -999   B6.9   8  0  0  8  1  0  0
2014 09 13  145    165      550      0    -999   B6.5   9  0  0 12  0  0  0
2014 09 14  139    120      550      1    -999   B7.2   2  1  0  3  0  1  0
2014 09 15  133     92      350      0    -999   B5.7   4  0  0  9  0  0  0
2014 09 16  133     85      290      0    -999   B5.5   5  0  0  3  0  0  0
2014 09 17  125     91      330      3    -999   B6.1   7  0  0  5  0  0  0
2014 09 18  120     75      230      0    -999   B5.3   4  1  0  5  0  0  0
2014 09 19  122     91      250      1    -999   B4.8   4  0  0  2  0  0  0
2014 09 20  119     75      300      2    -999   B4.5   2  0  0  0  0  0  0
2014 09 21  124     72      590      0    -999   B4.9   3  0  0  0  1  0  0
2014 09 22  130     87      670      1    -999   B4.7   1  0  0  2  0  0  0
2014 09 23  138     90      830      0    -999   B5.7   1  1  0  4  0  1  0
2014 09 24  145     76      590      0    -999   B6.1   3  0  0  5  1  0  0
2014 09 25  158    139      690      3    -999   C1.0   3  0  0 25  0  0  0
2014 09 26  170    203     1020      0    -999   C1.1   7  0  0 22  2  0  0
2014 09 27  181    159     1180      1    -999   C1.0   4  1  0 12  0  0  0
2014 09 28  181    200     1370      1    -999   C1.3   4  2  0 19  1  1  0
2014 09 29  175    160     1560      0    -999   C1.2   6  0  0 15  0  0  0
2014 09 30  162    166     1250      2    -999   C1.0   1  0  0 11  0  0  0
2014 10 01  155    164      770      0    -999   C1.2   1  0  0 14  0  0  0
2014 10 02  149    105      430      0    -999   C1.0   1  2  0  3  1  0  0
2014 10 03  137    128      310      3    -999   C1.1   8  0  0  3  0  0  0
2014 10 04  128    125      370      0    -999   B4.5   4  0  0  4  0  0  0
2014 10 05  128    106      330      0    -999   B4.1   4  0  0  1  0  0  0
2014 10 06  130     86      300      1    -999   B5.0   4  0  0  3  0  0  0
2014 10 07  125     75      290      1    -999   B3.8   4  0  0  8  0  0  0
2014 10 08  126     61      320      0    -999   B3.5   5  0  0  8  0  0  0
2014 10 09  119     65      440      0    -999   B5.4   9  3  0 11  3  0  0
2014 10 10  121     54      350      0    -999   B3.0   1  0  0  0  0  0  0
2014 10 11  112     38      390      1    -999   B3.2   1  0  0  0  0  0  0
2014 10 12  111     28      320      0    -999   B2.9   2  0  0  0  0  0  0
2014 10 13  113     41      400      1    -999   B3.5   0  0  0  0  0  0  0
2014 10 14  120     70      420      1    -999   B3.7   0  2  0  0  0  0  0
2014 10 15  126     90      400      2    -999   C1.3   0  0  0  0  0  0  0
2014 10 16  139     66      420      0    -999   C1.1   4  1  0  0  0  0  0
2014 10 17  146     39      620      1    -999   C1.0   6  0  0  4  0  0  0
2014 10 18  160     60     1560      0    -999   B8.3   9  1  0  7  0  0  0
2014 10 19  173     86     1850      1    -999   C1.2   7  0  1 10  0  0  1
2014 10 20  185     93     2430      0    -999   C1.3  10  5  0 14  4  1  0
2014 10 21  199    120     2790      1    -999   C1.5   9  1  0 19  2  0  0
2014 10 22  216    123     3120      1    -999   C1.5   4  3  1  9  0  1  0
2014 10 23  227    126     3090      0    -999   C1.3   5  1  0  9  2  0  0
2014 10 24  218    147     2820      2    -999   C1.6   5  1  1 10  0  0  1
2014 10 25  219    115     2810      0    -999   C1.8   7  0  1  7  1  0  1
2014 10 26  217    138     3020      0    -999   C1.8  10  4  1  9  0  1  0
2014 10 27  188    120     2530      0    -999   C2.6   6  5  1  1  1  2  1
2014 10 28  167    109     2790      1    -999   C2.4   3  3  0 25  2  0  0
2014 10 29  150     84     1630      0    -999   C2.4   7  6  0  9  1  0  0
2014 10 30  140    121      560      4    -999   C1.3   7  3  0  5  2  0  0
2014 10 31  121     71      170      0    -999   B8.5   3  0  0  3  1  0  0
2014 11 01  120     82      180      2    -999   B4.9   6  0  0  9  1  0  0
2014 11 02  124     91      310      0    -999   B4.2   3  0  0 10  0  0  0
2014 11 03  125     93      330      1    -999   B5.1   5  2  0  5  2  0  0
2014 11 04  129     99      300      0    -999   B7.4   3  2  0 14  1  0  0
2014 11 05  135    113      470      1    -999   B7.4   4  2  0 14  2  0  0
2014 11 06  136    107      580      0    -999   B9.9   4  3  0  9  2  1  0
2014 11 07  146     96      510      0    -999   B9.6   6  3  1  7  0  1  1
2014 11 08  132     92      400      1    -999   B6.9   8  0  0 11  0  0  0
2014 11 09  132     78      420      1    -999   B7.1   9  1  0 32  2  0  0
2014 11 10  136     63      410      0    -999   B6.6  11  0  0 16  1  0  0
2014 11 11  142     70      330      0    -999   B9.4   5  0  0 15  2  0  0
2014 11 12  153     89      370      1    -999   B8.2   8  0  0  8  1  0  0
2014 11 13  154    104      300      2    -999   B9.3   5  0  0 11  0  0  0
2014 11 14  161    117      960      1    -999   B8.1   6  0  0 11  1  0  0
2014 11 15  161    100      960      1    -999   B7.2   2  2  0  8  1  0  0
2014 11 16  172     91     1040      1    -999   B9.5   7  1  0 14  0  0  0
2014 11 17  168     95     1050      1    -999   B7.9   3  0  0  5  0  0  0
2014 11 18  167     92     1140      0    -999   B8.9   6  0  0  2  0  0  0
2014 11 19  170     72      970      0    -999   B9.2   2  0  0  8  0  0  0
2014 11 20  168     83     1360      1    -999   B8.8   3  0  0  7  0  0  0
2014 11 21  163     68     1550      0    -999   B7.7   6  0  0 15  0  0  0
2014 11 22  167     64     1590      0    -999   B8.6  10  0  0  7  3  0  0
2014 11 23  173     66     1810      1    -999   B8.9   9  0  0  5  0  0  0
2014 11 24  172    111     2070      3    -999   B9.3   5  0  0 12  1  0  0
2014 11 25  169    120     2060      0    -999   B8.3   2  0  0 16  0  0  0
2014 11 26  171    170      940      2    -999   B8.7   5  0  0  9  0  0  0
2014 11 27  179    155      970      1    -999   C1.4   9  0  0 31  2  0  0
2014 11 28  181    166     1220      1    -999   C1.1   5  0  0 23  0  0  0
2014 11 29  177    156     1350      0    -999   B9.1  11  0  0 21  2  0  0
2014 11 30  177    153     1540      1    -999   B7.9   6  0  0  8  0  0  0
2014 12 01  168    160     1380      1    -999   B6.7   3  1  0  6  1  0  0
2014 12 02  168    146     1290      1    -999   C1.0  10  0  0 11  0  0  0
2014 12 03  154    128     1090      0    -999   B7.6   7  0  0 15  0  0  0
2014 12 04  158    137     1090      1    -999   B7.1   4  3  0  8  1  1  0
2014 12 05  137     97      820      0    -999   B5.2   8  1  0  9  1  0  0
2014 12 06  129     73      880      2    -999   B6.9   8  0  0 11  1  0  0
2014 12 07  132     58      860      2    -999   B5.6   6  0  0  5  0  0  0
2014 12 08  133     77      860      0    -999   B5.7   3  0  0  2  0  0  0
2014 12 09  140     80      510      1    -999   B8.3  12  0  0 14  3  0  0
2014 12 10  150     97      670      2    -999   B7.2   4  0  0  5  0  0  0
2014 12 11  148    115      780      1    -999   B7.2   7  0  0  7  0  0  0
2014 12 12  154    132      850      2    -999   B7.3   6  0  0  7  0  0  0
2014 12 13  160    121      890      0    -999      *   7  1  0 11  2  0  0
2014 12 14  166    175     1020      4    -999   B8.3  16  1  0 26  2  0  0
2014 12 15  169    152     1230      0    -999   B8.9   2  0  0 16  0  0  0
2014 12 16  185    169     1530      0    -999   B9.2  12  0  0 18  1  0  0
2014 12 17  192    154     1560      0    -999   C1.2   5  4  0 17  2  1  0
2014 12 18  213    168     1870      0    -999   C1.4   7  1  0 28  1  1  0
2014 12 19  216    156     2080      1    -999   C1.2  10  1  0 31  2  0  0
2014 12 20  203    120     1750      1    -999   C1.3   5  0  1 12  1  0  1
2014 12 21  206    159     1590      2    -999   C1.3   6  2  0  7  3  0  0
2014 12 22  179    113     1330      0    -999   C1.1   3  1  0 10  2  0  0
2014 12 23  166    128     1030      2    -999   B9.7   9  0  0  5  1  0  0
2014 12 24  151     86      480      0    -999   C1.0   5  0  0  7  0  1  0
2014 12 25  145    100      460      1    -999   C1.1   3  0  0  2  0  0  0
2014 12 26  137     92      280      1    -999   B6.9  10  0  0 11  0  0  0
2014 12 27  134    111      580      2    -999   B5.2   2  1  0  3  1  1  0
2014 12 28  133    108      520      0    -999   B4.3   5  0  0 10  1  0  0
2014 12 29  132    113      560      0    -999   B4.8   3  0  0 27  0  0  0
2014 12 30  130    102      510      1    -999   B4.4   4  0  0 23  0  0  0
2014 12 31  134     94      710      1    -999   B5.8   6  0  0 13  3  0  0
